5
66 56
609 487 217 111 700 581 293 993 995 471 919 -901 -615 -427 -533 238 125 190 506 -827 -634 -131 387 -4 -536 774 -196 356 21 804 -837 208 -226 140 -248 965 199 738 -885 -917 -591 689 -899 628 633 -646 -289 529 -815 -251 -554 -315 797 -666 -526 551 -309 601 -967 717 -241 56 -831 -704 -761 -112
124 14
-734 -267 -386 -70 -594 -120 -615 -682 -997 -128 -154 -82 -648 -39 788 657 319 346 385 926 -233 58 -136 -963 557 536 -330 -843 428 -847 318 -122 -1 252 -951 998 219 9 -3 397 -740 -52 956 714 50 -956 923 -362 -655 -74 123 -507 332 -861 -641 -747 -976 -390 -455 698 -142 -33 166 208 -728 575 -696 322 -679 310 -718 -513 -960 327 690 127 -223 360 -571 -820 950 140 -297 -553 162 -439 369 153 -560 -771 770 0 -536 -762 -333 -190 -441 -432 -261 -266 361 787 471 403 954 -785 364 -457 -384 142 -58 -262 -743 -511 -144 807 660 286 -77 -517 -469 284 89 332
35 5
326 534 259 978 498 544 722 758 867 951 82 199 828 460 800 617 984 791 807 299 897 970 77 695 706 490 372 890 319 587 512 260 590 -503 -677
155 81
-478 -354 -9 -826 -338 -624 -365 -99 -517 -654 -607 -999 -912 -48 -862 -992 -454 -699 -558 -526 -44 -757 -747 -927 -221 -492 -695 -749 -933 -823 -370 -116 -25 -984 -564 -575 -454 -59 -649 -513 -935 -734 -481 -602 -892 -798 -193 -380 -8 -412 -878 -592 -449 -642 -263 -831 -571 -397 -572 -480 -718 -559 -920 -53 -465 -728 -754 -734 -925 -681 -410 -192 -232 -631 -930 -122 -918 -789 -179 -257 -835 -380 -342 0 -685 157 -989 -359 -779 923 547 -966 236 690 -641 -378 -730 89 26 -486 770 279 -669 -81 -919 243 208 985 -68 -45 -501 -136 33 -667 -784 705 623 798 507 96 -31 -771 626 -682 551 531 891 572 132 938 -596 201 240 -172 888 -852 -114 -675 -16 661 758 -329 716 -660 587 -777 -747 558 -539 -614 -542 -946 187 254 -632
28 15
129 459 948 457 790 680 34 451 451 810 416 836 319 456 -966 261 -809 265 936 257 -913 -532 -822 156 -395 47 845 494